1033
7.5 5 8.75 6.25
7.5 2.5 8.75 3.75
8.75 2.5 10 3.75
8.75 3.75 10 5
6.25 3.4375 6.40625 3.59375
5.9375 3.59375 6.09375 3.75
6.09375 3.4375 6.25 3.59375
6.09375 3.59375 6.25 3.75
5.85938 3.51562 5.9375 3.59375
5.3125 3.4375 5.625 3.75
4.375 3.4375 4.6875 3.75
4.6875 3.125 5 3.4375
4.0625 3.35938 4.14062 3.4375
4.14062 3.28125 4.21875 3.35938
4.14062 3.35938 4.21875 3.4375
3.75 3.125 3.90625 3.28125
3.59375 3.125 3.75 3.28125
3.59375 3.28125 3.75 3.4375
0 3.75 1.25 5
1.25 3.75 2.5 5
5.58594 8.39844 5.625 8.4375
6.19141 9.31641 6.21094 9.33594
7.65625 1.40625 7.73438 1.48438
7.73438 1.48438 7.8125 1.5625
4.33594 6.19141 4.35547 6.21094
4.35547 6.19141 4.375 6.21094
1.83594 8.04688 1.875 8.08594
1.83594 8.08594 1.875 8.125
5.03906 1.03516 5.05859 1.05469
5.05859 1.03516 5.07812 1.05469
4.6875 1.48438 4.76562 1.5625
4.76562 1.48438 4.84375 1.5625
5 1.05469 5.03906 1.09375
5 1.01562 5.03906 1.05469
5.9375 9.14062 5.97656 9.17969
5.97656 9.14062 6.01562 9.17969
5.85938 8.98438 5.89844 9.02344
5.89844 8.98438 5.9375 9.02344
3.82812 4.84375 3.86719 4.88281
3.86719 4.84375 3.90625 4.88281
3.86719 4.88281 3.90625 4.92188
3.75 4.96094 3.78906 5
2.73438 8.82812 2.77344 8.86719
2.77344 8.82812 2.8125 8.86719
3.90625 6.48438 3.94531 6.52344
3.94531 6.48438 3.98438 6.52344
3.94531 6.52344 3.98438 6.5625
6.875 2.34375 7.03125 2.5
7.03125 2.34375 7.1875 2.5
2.65625 8.82812 2.73438 8.90625
2.22656 1.32812 2.26562 1.36719
2.22656 1.36719 2.26562 1.40625
2.65625 1.32812 2.73438 1.40625
2.73438 1.32812 2.8125 1.40625
2.03125 8.63281 2.07031 8.67188
2.07031 8.59375 2.10938 8.63281
4.84375 6.64062 4.88281 6.67969
4.88281 6.64062 4.92188 6.67969
3.125 8.20312 3.16406 8.24219
3.16406 8.20312 3.20312 8.24219
4.92188 6.5625 5 6.64062
4.92188 6.64062 5 6.71875
4.29688 3.28125 4.375 3.35938
7.5 0.996094 7.51953 1.01562
7.51953 0.976562 7.53906 0.996094
5.9375 9.0625 5.97656 9.10156
2.34375 1.01562 2.38281 1.05469
4.29688 6.19141 4.31641 6.21094
4.29688 6.17188 4.31641 6.19141
6.21094 9.31641 6.23047 9.33594
3.90625 4.375 3.98438 4.45312
3.98438 4.375 4.0625 4.45312
3.98438 4.45312 4.0625 4.53125
2.1875 8.86719 2.22656 8.90625
3.4375 7.5 3.51562 7.57812
3.51562 7.5 3.59375 7.57812
3.51562 7.57812 3.59375 7.65625
3.4375 7.65625 3.59375 7.8125
3.59375 7.65625 3.75 7.8125
6.09375 9.27734 6.11328 9.29688
6.09375 9.25781 6.11328 9.27734
6.11328 9.27734 6.13281 9.29688
4.92188 6.91406 4.96094 6.95312
2.46094 0.976562 2.48047 0.996094
2.48047 0.976562 2.5 0.996094
4.84375 6.95312 4.92188 7.03125
4.84375 6.875 4.92188 6.95312
4.92188 6.95312 5 7.03125
5 0.976562 5.03906 1.01562
5.03906 0.9375 5.07812 0.976562
4.6875 7.03125 4.84375 7.1875
3.125 7.96875 3.20312 8.04688
4.375 7.1875 4.6875 7.5
4.6875 7.1875 5 7.5
6.36719 9.29688 6.38672 9.31641
6.38672 9.29688 6.40625 9.31641
6.38672 9.31641 6.40625 9.33594
2.65625 1.48438 2.73438 1.5625
2.65625 1.40625 2.73438 1.48438
2.73438 1.40625 2.8125 1.48438
2.73438 1.48438 2.8125 1.5625
7.65625 1.32812 7.73438 1.40625
7.65625 1.25 7.73438 1.32812
7.73438 1.25 7.8125 1.32812
5.15625 1.25 5.23438 1.32812
5.23438 1.25 5.3125 1.32812
5.23438 1.32812 5.3125 1.40625
4.45312 6.23047 4.47266 6.25
3.82812 6.67969 3.86719 6.71875
3.82812 6.64062 3.86719 6.67969
3.86719 6.67969 3.90625 6.71875
2.8125 2.34375 2.96875 2.5
2.8125 2.1875 2.96875 2.34375
2.96875 2.1875 3.125 2.34375
2.96875 2.34375 3.125 2.5
4.375 2.03125 4.53125 2.1875
4.375 1.875 4.53125 2.03125
4.53125 1.875 4.6875 2.03125
4.53125 2.03125 4.6875 2.1875
5.15625 7.38281 5.19531 7.42188
5.19531 7.34375 5.23438 7.38281
5.19531 7.38281 5.23438 7.42188
3.98438 6.44531 4.02344 6.48438
4.02344 6.44531 4.0625 6.48438
6.32812 9.29688 6.34766 9.31641
6.34766 9.29688 6.36719 9.31641
4.6875 1.17188 4.76562 1.25
4.6875 1.09375 4.76562 1.17188
4.76562 1.09375 4.84375 1.17188
4.76562 1.17188 4.84375 1.25
3.4375 7.26562 3.51562 7.34375
3.4375 7.1875 3.51562 7.26562
3.51562 7.26562 3.59375 7.34375
3.59375 7.22656 3.63281 7.26562
3.59375 7.1875 3.63281 7.22656
3.63281 7.1875 3.67188 7.22656
3.63281 7.22656 3.67188 7.26562
3.59375 7.26562 3.67188 7.34375
3.67188 7.1875 3.75 7.26562
3.67188 7.26562 3.75 7.34375
5.15625 7.57812 5.23438 7.65625
5.15625 7.5 5.23438 7.57812
5.23438 7.5 5.3125 7.57812
5.23438 7.57812 5.3125 7.65625
4.0625 6.36719 4.10156 6.40625
4.0625 6.32812 4.10156 6.36719
4.10156 6.32812 4.14062 6.36719
4.10156 6.36719 4.14062 6.40625
4.76562 6.60156 4.80469 6.64062
4.76562 6.5625 4.80469 6.60156
4.80469 6.5625 4.84375 6.60156
4.80469 6.60156 4.84375 6.64062
4.0625 3.90625 4.21875 4.0625
4.0625 3.75 4.21875 3.90625
4.21875 3.75 4.375 3.90625
4.21875 3.90625 4.375 4.0625
4.84375 1.05469 4.88281 1.09375
4.84375 1.01562 4.88281 1.05469
4.88281 1.01562 4.92188 1.05469
4.88281 1.05469 4.92188 1.09375
6.40625 4.76562 6.48438 4.84375
6.40625 4.6875 6.48438 4.76562
6.48438 4.6875 6.5625 4.76562
6.48438 4.76562 6.5625 4.84375
5.3125 8.04688 5.39062 8.125
5.3125 7.96875 5.39062 8.04688
5.39062 7.96875 5.46875 8.04688
5.39062 8.04688 5.46875 8.125
3.125 3.90625 3.28125 4.0625
3.125 3.75 3.28125 3.90625
3.28125 3.75 3.4375 3.90625
3.28125 3.90625 3.4375 4.0625
3.90625 4.60938 3.98438 4.6875
3.90625 4.53125 3.98438 4.60938
3.98438 4.53125 4.0625 4.60938
3.98438 4.60938 4.0625 4.6875
2.8125 1.71875 2.96875 1.875
2.8125 1.5625 2.96875 1.71875
2.96875 1.5625 3.125 1.71875
2.96875 1.71875 3.125 1.875
5 7.26562 5.07812 7.34375
5 7.1875 5.07812 7.26562
5.07812 7.1875 5.15625 7.26562
5.07812 7.26562 5.15625 7.34375
1.95312 8.47656 1.99219 8.51562
1.95312 8.4375 1.99219 8.47656
1.99219 8.4375 2.03125 8.47656
1.99219 8.47656 2.03125 8.51562
7.57812 1.05469 7.61719 1.09375
7.57812 1.01562 7.61719 1.05469
7.61719 1.01562 7.65625 1.05469
7.61719 1.05469 7.65625 1.09375
2.57812 9.02344 2.61719 9.0625
2.57812 8.98438 2.61719 9.02344
2.61719 8.98438 2.65625 9.02344
2.61719 9.02344 2.65625 9.0625
7.65625 1.17188 7.73438 1.25
7.65625 1.09375 7.73438 1.17188
7.73438 1.09375 7.8125 1.17188
7.73438 1.17188 7.8125 1.25
2.26562 8.94531 2.30469 8.98438
2.26562 8.90625 2.30469 8.94531
2.30469 8.90625 2.34375 8.94531
2.30469 8.94531 2.34375 8.98438
5.78125 8.94531 5.82031 8.98438
5.78125 8.90625 5.82031 8.94531
5.82031 8.90625 5.85938 8.94531
5.82031 8.94531 5.85938 8.98438
2.1875 8.98438 2.26562 9.0625
2.1875 8.90625 2.26562 8.98438
2.26562 8.98438 2.34375 9.0625
6.875 2.03125 7.03125 2.1875
6.875 1.875 7.03125 2.03125
7.03125 1.875 7.1875 2.03125
7.03125 2.03125 7.1875 2.1875
1.25 7.34375 1.40625 7.5
1.25 7.1875 1.40625 7.34375
1.40625 7.1875 1.5625 7.34375
1.40625 7.34375 1.5625 7.5
6.875 1.71875 7.03125 1.875
6.875 1.5625 7.03125 1.71875
7.03125 1.5625 7.1875 1.71875
7.03125 1.71875 7.1875 1.875
5.78125 8.86719 5.82031 8.90625
5.78125 8.82812 5.82031 8.86719
5.82031 8.82812 5.85938 8.86719
5.82031 8.86719 5.85938 8.90625
2.89062 8.71094 2.92969 8.75
2.89062 8.67188 2.92969 8.71094
2.92969 8.67188 2.96875 8.71094
2.92969 8.71094 2.96875 8.75
1.71875 7.89062 1.79688 7.96875
1.71875 7.8125 1.79688 7.89062
1.79688 7.8125 1.875 7.89062
1.79688 7.89062 1.875 7.96875
5.78125 8.75 5.85938 8.82812
5.85938 8.75 5.9375 8.82812
5.85938 8.82812 5.9375 8.90625
6.5625 3.28125 6.71875 3.4375
6.5625 3.125 6.71875 3.28125
6.71875 3.125 6.875 3.28125
6.71875 3.28125 6.875 3.4375
7.1875 1.32812 7.26562 1.40625
7.1875 1.25 7.26562 1.32812
7.26562 1.25 7.34375 1.32812
7.26562 1.32812 7.34375 1.40625
3.67188 6.99219 3.71094 7.03125
3.67188 6.95312 3.71094 6.99219
3.71094 6.95312 3.75 6.99219
3.71094 6.99219 3.75 7.03125
5.625 3.59375 5.78125 3.75
5.625 3.4375 5.78125 3.59375
5.78125 3.59375 5.9375 3.75
6.5625 3.59375 6.71875 3.75
6.5625 3.4375 6.71875 3.59375
6.71875 3.4375 6.875 3.59375
6.71875 3.59375 6.875 3.75
5.3125 7.89062 5.39062 7.96875
5.3125 7.8125 5.39062 7.89062
5.39062 7.8125 5.46875 7.89062
5.39062 7.89062 5.46875 7.96875
4.84375 6.79688 4.92188 6.875
4.84375 6.71875 4.92188 6.79688
4.92188 6.71875 5 6.79688
4.92188 6.79688 5 6.875
5.625 4.21875 5.78125 4.375
5.625 4.0625 5.78125 4.21875
5.78125 4.0625 5.9375 4.21875
5.78125 4.21875 5.9375 4.375
6.5625 3.90625 6.71875 4.0625
6.5625 3.75 6.71875 3.90625
6.71875 3.75 6.875 3.90625
6.71875 3.90625 6.875 4.0625
2.65625 8.94531 2.69531 8.98438
2.65625 8.90625 2.69531 8.94531
2.69531 8.90625 2.73438 8.94531
2.69531 8.94531 2.73438 8.98438
6.875 2.65625 7.03125 2.8125
6.875 2.5 7.03125 2.65625
7.03125 2.5 7.1875 2.65625
7.03125 2.65625 7.1875 2.8125
3.4375 4.76562 3.51562 4.84375
3.4375 4.6875 3.51562 4.76562
3.51562 4.6875 3.59375 4.76562
3.51562 4.76562 3.59375 4.84375
4.6875 6.64062 4.76562 6.71875
4.6875 6.5625 4.76562 6.64062
4.76562 6.64062 4.84375 6.71875
6.25 4.96094 6.28906 5
6.25 4.92188 6.28906 4.96094
6.28906 4.92188 6.32812 4.96094
6.28906 4.96094 6.32812 5
5.3125 2.03125 5.46875 2.1875
5.3125 1.875 5.46875 2.03125
5.46875 1.875 5.625 2.03125
5.46875 2.03125 5.625 2.1875
2.42188 0.976562 2.46094 1.01562
2.42188 0.9375 2.46094 0.976562
2.46094 0.9375 2.5 0.976562
5.625 3.28125 5.78125 3.4375
5.625 3.125 5.78125 3.28125
5.78125 3.125 5.9375 3.28125
5.78125 3.28125 5.9375 3.4375
3.125 4.21875 3.28125 4.375
3.125 4.0625 3.28125 4.21875
3.28125 4.0625 3.4375 4.21875
3.28125 4.21875 3.4375 4.375
3.125 3.59375 3.28125 3.75
3.125 3.4375 3.28125 3.59375
3.28125 3.4375 3.4375 3.59375
3.28125 3.59375 3.4375 3.75
6.09375 9.21875 6.13281 9.25781
6.13281 9.21875 6.17188 9.25781
6.13281 9.25781 6.17188 9.29688
7.8125 2.03125 7.96875 2.1875
7.8125 1.875 7.96875 2.03125
7.96875 1.875 8.125 2.03125
7.96875 2.03125 8.125 2.1875
1.875 8.35938 1.95312 8.4375
1.875 8.28125 1.95312 8.35938
1.95312 8.28125 2.03125 8.35938
1.95312 8.35938 2.03125 8.4375
1.5625 7.73438 1.64062 7.8125
1.5625 7.65625 1.64062 7.73438
1.64062 7.65625 1.71875 7.73438
1.64062 7.73438 1.71875 7.8125
4.375 1.71875 4.53125 1.875
4.375 1.5625 4.53125 1.71875
4.53125 1.5625 4.6875 1.71875
4.53125 1.71875 4.6875 1.875
1.5625 7.57812 1.64062 7.65625
1.5625 7.5 1.64062 7.57812
1.64062 7.5 1.71875 7.57812
1.64062 7.57812 1.71875 7.65625
5 2.8125 5.3125 3.125
5 2.5 5.3125 2.8125
5.3125 2.5 5.625 2.8125
5.3125 2.8125 5.625 3.125
3.28125 7.89062 3.35938 7.96875
3.28125 7.8125 3.35938 7.89062
3.35938 7.8125 3.4375 7.89062
3.35938 7.89062 3.4375 7.96875
3.67188 4.96094 3.71094 5
3.67188 4.92188 3.71094 4.96094
3.71094 4.92188 3.75 4.96094
3.71094 4.96094 3.75 5
5.9375 4.53125 6.09375 4.6875
5.9375 4.375 6.09375 4.53125
6.09375 4.375 6.25 4.53125
6.09375 4.53125 6.25 4.6875
3.75 6.64062 3.82812 6.71875
3.75 6.5625 3.82812 6.64062
3.82812 6.5625 3.90625 6.64062
5.46875 8.20312 5.54688 8.28125
5.46875 8.125 5.54688 8.20312
5.54688 8.125 5.625 8.20312
5.54688 8.20312 5.625 8.28125
7.8125 1.71875 7.96875 1.875
7.8125 1.5625 7.96875 1.71875
7.96875 1.5625 8.125 1.71875
7.96875 1.71875 8.125 1.875
6.25 9.33594 6.28906 9.375
6.25 9.29688 6.28906 9.33594
6.28906 9.29688 6.32812 9.33594
6.28906 9.33594 6.32812 9.375
4.375 6.21094 4.41406 6.25
4.375 6.17188 4.41406 6.21094
4.41406 6.17188 4.45312 6.21094
4.41406 6.21094 4.45312 6.25
7.5 0.9375 7.53906 0.976562
7.53906 0.9375 7.57812 0.976562
7.53906 0.976562 7.57812 1.01562
4.6875 6.44531 4.72656 6.48438
4.6875 6.40625 4.72656 6.44531
4.72656 6.40625 4.76562 6.44531
4.72656 6.44531 4.76562 6.48438
6.5625 4.21875 6.71875 4.375
6.5625 4.0625 6.71875 4.21875
6.71875 4.0625 6.875 4.21875
6.71875 4.21875 6.875 4.375
4.375 2.65625 4.53125 2.8125
4.375 2.5 4.53125 2.65625
4.53125 2.5 4.6875 2.65625
4.53125 2.65625 4.6875 2.8125
1.875 8.51562 1.95312 8.59375
1.875 8.4375 1.95312 8.51562
1.95312 8.51562 2.03125 8.59375
6.25 4.53125 6.40625 4.6875
6.25 4.375 6.40625 4.53125
6.40625 4.375 6.5625 4.53125
6.40625 4.53125 6.5625 4.6875
3.4375 7.42188 3.51562 7.5
3.4375 7.34375 3.51562 7.42188
3.51562 7.34375 3.59375 7.42188
3.51562 7.42188 3.59375 7.5
5.3125 1.71875 5.46875 1.875
5.3125 1.5625 5.46875 1.71875
5.46875 1.5625 5.625 1.71875
5.46875 1.71875 5.625 1.875
5.625 3.90625 5.78125 4.0625
5.625 3.75 5.78125 3.90625
5.78125 3.75 5.9375 3.90625
5.78125 3.90625 5.9375 4.0625
6.17188 4.96094 6.21094 5
6.17188 4.92188 6.21094 4.96094
6.21094 4.92188 6.25 4.96094
6.21094 4.96094 6.25 5
5 7.10938 5.07812 7.1875
5 7.03125 5.07812 7.10938
5.07812 7.03125 5.15625 7.10938
5.07812 7.10938 5.15625 7.1875
3.59375 7.10938 3.67188 7.1875
3.59375 7.03125 3.67188 7.10938
3.67188 7.03125 3.75 7.10938
3.67188 7.10938 3.75 7.1875
5.3125 2.34375 5.46875 2.5
5.3125 2.1875 5.46875 2.34375
5.46875 2.1875 5.625 2.34375
5.46875 2.34375 5.625 2.5
4.375 2.34375 4.53125 2.5
4.375 2.1875 4.53125 2.34375
4.53125 2.1875 4.6875 2.34375
4.53125 2.34375 4.6875 2.5
6.40625 9.25781 6.44531 9.29688
6.40625 9.21875 6.44531 9.25781
6.44531 9.21875 6.48438 9.25781
6.44531 9.25781 6.48438 9.29688
4.6875 1.25 4.84375 1.40625
4.84375 1.25 5 1.40625
4.84375 1.40625 5 1.5625
2.8125 2.03125 2.96875 2.1875
2.8125 1.875 2.96875 2.03125
2.96875 1.875 3.125 2.03125
2.96875 2.03125 3.125 2.1875
1.875 1.71875 2.03125 1.875
1.875 1.5625 2.03125 1.71875
2.03125 1.5625 2.1875 1.71875
2.03125 1.71875 2.1875 1.875
1.875 2.03125 2.03125 2.1875
1.875 1.875 2.03125 2.03125
2.03125 1.875 2.1875 2.03125
2.03125 2.03125 2.1875 2.1875
2.5 2.8125 2.8125 3.125
2.5 2.5 2.8125 2.8125
2.8125 2.5 3.125 2.8125
2.8125 2.8125 3.125 3.125
3.28125 7.73438 3.35938 7.8125
3.28125 7.65625 3.35938 7.73438
3.35938 7.65625 3.4375 7.73438
3.35938 7.73438 3.4375 7.8125
3.4375 4.375 3.59375 4.53125
3.59375 4.375 3.75 4.53125
3.59375 4.53125 3.75 4.6875
3.59375 6.95312 3.67188 7.03125
3.59375 6.875 3.67188 6.95312
3.67188 6.875 3.75 6.95312
4.14062 6.28906 4.17969 6.32812
4.14062 6.25 4.17969 6.28906
4.17969 6.25 4.21875 6.28906
4.17969 6.28906 4.21875 6.32812
4.45312 6.17188 4.49219 6.21094
4.49219 6.17188 4.53125 6.21094
4.49219 6.21094 4.53125 6.25
5.625 8.67188 5.70312 8.75
5.625 8.59375 5.70312 8.67188
5.70312 8.59375 5.78125 8.67188
5.70312 8.67188 5.78125 8.75
2.8125 8.82812 2.89062 8.90625
2.8125 8.75 2.89062 8.82812
2.89062 8.75 2.96875 8.82812
2.89062 8.82812 2.96875 8.90625
3.75 6.79688 3.82812 6.875
3.75 6.71875 3.82812 6.79688
3.82812 6.71875 3.90625 6.79688
3.82812 6.79688 3.90625 6.875
2.42188 9.02344 2.46094 9.0625
2.42188 8.98438 2.46094 9.02344
2.46094 8.98438 2.5 9.02344
2.46094 9.02344 2.5 9.0625
2.8125 8.90625 2.96875 9.0625
2.96875 8.75 3.125 8.90625
2.96875 8.90625 3.125 9.0625
4.0625 4.21875 4.21875 4.375
4.0625 4.0625 4.21875 4.21875
4.21875 4.0625 4.375 4.21875
4.21875 4.21875 4.375 4.375
5.9375 4.76562 6.01562 4.84375
5.9375 4.6875 6.01562 4.76562
6.01562 4.6875 6.09375 4.76562
6.01562 4.76562 6.09375 4.84375
1.71875 8.04688 1.79688 8.125
1.71875 7.96875 1.79688 8.04688
1.79688 7.96875 1.875 8.04688
2.5 9.02344 2.53906 9.0625
2.5 8.98438 2.53906 9.02344
2.53906 8.98438 2.57812 9.02344
2.53906 9.02344 2.57812 9.0625
4.0625 3.125 4.21875 3.28125
4.21875 3.125 4.375 3.28125
2.8125 8.67188 2.89062 8.75
2.8125 8.59375 2.89062 8.67188
2.89062 8.59375 2.96875 8.67188
2.96875 8.51562 3.04688 8.59375
2.96875 8.4375 3.04688 8.51562
3.04688 8.4375 3.125 8.51562
3.04688 8.51562 3.125 8.59375
4.53125 6.28906 4.57031 6.32812
4.53125 6.25 4.57031 6.28906
4.57031 6.25 4.60938 6.28906
4.29688 6.09375 4.375 6.17188
4.0625 6.09375 4.21875 6.25
3.75 5.9375 4.0625 6.25
3.4375 4.84375 3.59375 5
3.59375 4.6875 3.75 4.84375
4.53125 6.32812 4.60938 6.40625
4.60938 6.25 4.6875 6.32812
4.6875 0.9375 4.84375 1.09375
4.84375 1.09375 5 1.25
4.375 0.9375 4.6875 1.25
4.6875 0.625 5 0.9375
3.75 0 4.375 0.625
4.375 0 5 0.625
2.5 3.125 3.125 3.75
4.375 6.40625 4.53125 6.5625
4.375 6.25 4.53125 6.40625
4.53125 6.40625 4.6875 6.5625
5.15625 0.9375 5.3125 1.09375
5.15625 1.09375 5.3125 1.25
5 0.625 5.3125 0.9375
5.3125 0.625 5.625 0.9375
5.3125 0.9375 5.625 1.25
5.625 0 6.25 0.625
5.625 0.625 6.25 1.25
5 8.4375 5.3125 8.75
5.3125 8.4375 5.625 8.75
2.8125 8.4375 2.96875 8.59375
5.9375 4.84375 6.09375 5
6.09375 4.6875 6.25 4.84375
7.5 6.25 8.75 7.5
6.25 4.6875 6.40625 4.84375
8.75 5 10 6.25
6.40625 4.84375 6.5625 5
7.5 3.75 8.75 5
5.625 8.75 5.78125 8.90625
6.25 3.59375 6.40625 3.75
1.875 1.25 2.1875 1.5625
6.40625 3.4375 6.5625 3.59375
2.1875 1.5625 2.5 1.875
6.40625 3.59375 6.5625 3.75
7.5 1.09375 7.65625 1.25
5.9375 3.4375 6.09375 3.59375
7.65625 0.9375 7.8125 1.09375
5.78125 3.51562 5.85938 3.59375
7.5 0.625 7.8125 0.9375
5.78125 3.4375 5.85938 3.51562
7.8125 0.625 8.125 0.9375
5.85938 3.4375 5.9375 3.51562
7.8125 0.9375 8.125 1.25
5 3.4375 5.3125 3.75
7.5 0 8.125 0.625
5 3.125 5.3125 3.4375
8.125 0 8.75 0.625
5.3125 3.125 5.625 3.4375
8.125 0.625 8.75 1.25
4.375 3.125 4.6875 3.4375
5.625 2.5 6.25 3.125
4.6875 3.4375 5 3.75
5 7.8125 5.3125 8.125
4.0625 3.28125 4.14062 3.35938
5.3125 7.5 5.625 7.8125
3.75 3.28125 3.90625 3.4375
6.25 2.5 6.875 3.125
3.90625 3.125 4.0625 3.28125
6.875 3.125 7.5 3.75
3.90625 3.28125 4.0625 3.4375
2.5 8.4375 2.8125 8.75
3.4375 3.28125 3.59375 3.4375
2.5 8.125 2.8125 8.4375
3.4375 3.125 3.59375 3.28125
2.8125 8.125 3.125 8.4375
0 2.5 1.25 3.75
5.3125 6.875 5.625 7.1875
1.25 2.5 2.5 3.75
5.3125 7.1875 5.625 7.5
5.54688 8.39844 5.58594 8.4375
5 6.25 5.625 6.875
5.54688 8.35938 5.58594 8.39844
5.625 6.25 6.25 6.875
5.58594 8.35938 5.625 8.39844
5.625 6.875 6.25 7.5
6.17188 9.31641 6.19141 9.33594
5 5 6.25 6.25
6.17188 9.29688 6.19141 9.31641
6.25 5 7.5 6.25
6.19141 9.29688 6.21094 9.31641
6.25 6.25 7.5 7.5
7.65625 1.48438 7.73438 1.5625
3.75 2.5 4.375 3.125
7.73438 1.40625 7.8125 1.48438
4.33594 6.17188 4.35547 6.19141
8.125 1.25 8.75 1.875
4.35547 6.17188 4.375 6.19141
8.125 1.875 8.75 2.5
1.79688 8.08594 1.83594 8.125
6.25 9.0625 6.40625 9.21875
1.79688 8.04688 1.83594 8.08594
6.40625 9.0625 6.5625 9.21875
3.4375 4.60938 3.51562 4.6875
6.25 8.75 6.5625 9.0625
3.4375 4.53125 3.51562 4.60938
6.5625 8.75 6.875 9.0625
3.51562 4.53125 3.59375 4.60938
6.5625 9.0625 6.875 9.375
3.51562 4.60938 3.59375 4.6875
6.25 9.375 6.875 10
5.03906 1.01562 5.05859 1.03516
6.875 8.75 7.5 9.375
5.05859 1.01562 5.07812 1.03516
6.875 9.375 7.5 10
4.6875 1.40625 4.76562 1.48438
4.0625 4.375 4.375 4.6875
4.76562 1.40625 4.84375 1.48438
4.0625 4.6875 4.375 5
3.4375 7.8125 3.75 8.125
5.03906 1.05469 5.07812 1.09375
3.75 1.875 4.375 2.5
5.9375 9.17969 5.97656 9.21875
3.75 1.25 4.375 1.875
5.97656 9.17969 6.01562 9.21875
6.25 1.875 6.875 2.5
5.85938 9.02344 5.89844 9.0625
6.25 1.25 6.875 1.875
5.89844 9.02344 5.9375 9.0625
3.125 4.6875 3.4375 5
4.57031 6.28906 4.60938 6.32812
3.82812 4.88281 3.86719 4.92188
3.125 4.375 3.4375 4.6875
3.125 7.65625 3.28125 7.8125
3.125 7.5 3.28125 7.65625
3.75 4.92188 3.78906 4.96094
2.1875 8.125 2.5 8.4375
5 1.25 5.15625 1.40625
3.78906 4.92188 3.82812 4.96094
2.1875 8.4375 2.5 8.75
3.78906 4.96094 3.82812 5
5.625 4.6875 5.9375 5
5.15625 1.40625 5.3125 1.5625
2.73438 8.86719 2.77344 8.90625
5.625 4.375 5.9375 4.6875
4.60938 6.36719 4.64844 6.40625
4.60938 6.32812 4.64844 6.36719
4.0625 5.625 4.375 5.9375
5.03906 0.976562 5.07812 1.01562
5.625 9.0625 5.9375 9.375
6.36719 9.33594 6.40625 9.375
4.6875 6.875 4.84375 7.03125
5.9375 8.75 6.25 9.0625
3.75 4.375 3.90625 4.53125
6.09375 9.29688 6.17188 9.375
3.125 8.04688 3.20312 8.125
5 8.75 5.625 9.375
6.875 2.8125 7.1875 3.125
6.17188 9.21875 6.25 9.29688
3.20312 7.96875 3.28125 8.04688
5.625 9.375 6.25 10
7.1875 2.5 7.5 2.8125
3.20312 8.04688 3.28125 8.125
1.25 8.125 1.875 8.75
7.1875 2.8125 7.5 3.125
4.375 6.875 4.6875 7.1875
1.875 7.5 2.5 8.125
3.90625 6.40625 3.98438 6.48438
1.875 8.59375 2.03125 8.75
6.36719 9.31641 6.38672 9.33594
2.5 7.5 3.125 8.125
2.03125 8.4375 2.1875 8.59375
4.375 0.625 4.6875 0.9375
7.73438 1.32812 7.8125 1.40625
0 8.75 1.25 10
3.4375 3.4375 3.75 3.75
3.75 0.625 4.375 1.25
5.15625 1.32812 5.23438 1.40625
0 7.5 1.25 8.75
4.45312 6.21094 4.47266 6.23047
3.75 7.5 5 8.75
5.625 8.4375 5.78125 8.59375
3.125 2.5 3.75 3.125
4.47266 6.21094 4.49219 6.23047
3.75 8.75 5 10
5.78125 8.4375 5.9375 8.59375
2.77344 8.86719 2.8125 8.90625
1.25 7.8125 1.5625 8.125
4.64844 6.36719 4.6875 6.40625
4.47266 6.23047 4.49219 6.25
3.75 6.875 4.375 7.5
5.78125 8.59375 5.9375 8.75
3.90625 6.52344 3.94531 6.5625
1.25 7.5 1.5625 7.8125
2.96875 8.59375 3.125 8.75
6.34766 9.31641 6.36719 9.33594
2.73438 8.98438 2.8125 9.0625
4.84375 6.67969 4.88281 6.71875
1.25 1.25 1.875 1.875
2.03125 8.67188 2.10938 8.75
3.75 5.625 4.0625 5.9375
5 0.9375 5.03906 0.976562
5.625 7.5 6.25 8.125
4.84375 7.03125 5 7.1875
5 9.375 5.625 10
3.51562 7.1875 3.59375 7.26562
3.16406 8.24219 3.20312 8.28125
2.5 6.875 3.125 7.5
2.57812 1.01562 2.65625 1.09375
3.86719 6.64062 3.90625 6.67969
5.9375 8.125 6.25 8.4375
8.75 6.25 10 7.5
5.625 8.90625 5.78125 9.0625
4.84375 6.5625 4.92188 6.64062
3.125 6.25 3.75 6.875
2.1875 1.25 2.26562 1.32812
7.03125 2.1875 7.1875 2.34375
3.125 1.875 3.75 2.5
1.875 6.25 2.5 6.875
4.21875 5.9375 4.375 6.09375
4.0625 5.9375 4.21875 6.09375
6.32812 9.31641 6.34766 9.33594
2.5 5 3.75 6.25
2.65625 8.98438 2.73438 9.0625
2.03125 8.59375 2.07031 8.63281
2.34375 8.75 2.5 8.90625
0 5 1.25 6.25
4.02344 6.40625 4.0625 6.44531
7.5 7.5 10 10
3.67188 4.84375 3.75 4.92188
3.20312 8.20312 3.28125 8.28125
5 8.125 5.3125 8.4375
3.98438 6.40625 4.02344 6.44531
3.59375 4.84375 3.67188 4.92188
2.73438 1.25 2.8125 1.32812
5.625 1.875 6.25 2.5
3.20312 8.125 3.28125 8.20312
2.65625 1.25 2.73438 1.32812
5.625 1.25 6.25 1.875
3.125 8.125 3.20312 8.20312
5 0 5.625 0.625
5.15625 7.34375 5.19531 7.38281
6.25 7.5 7.5 8.75
2.73438 8.75 2.8125 8.82812
6.5625 4.6875 6.875 5
4.25781 6.17188 4.29688 6.21094
2.65625 8.75 2.73438 8.82812
6.5625 4.375 6.875 4.6875
4.21875 6.17188 4.25781 6.21094
5 1.09375 5.15625 1.25
6.875 2.1875 7.03125 2.34375
3.125 1.25 3.75 1.875
1.25 6.25 1.875 6.875
2.48047 0.996094 2.5 1.01562
4.375 6.5625 4.6875 6.875
7.34375 1.40625 7.5 1.5625
4.21875 6.09375 4.29688 6.17188
2.46094 0.996094 2.48047 1.01562
0 0 1.25 1.25
7.1875 1.40625 7.34375 1.5625
3.59375 7.34375 3.75 7.5
4.96094 6.91406 5 6.95312
0 1.25 1.25 2.5
5.15625 7.03125 5.3125 7.1875
4.96094 6.875 5 6.91406
8.75 1.25 10 2.5
5.15625 6.875 5.3125 7.03125
4.92188 6.875 4.96094 6.91406
8.75 0 10 1.25
5 6.875 5.15625 7.03125
6.11328 9.25781 6.13281 9.27734
4.0625 6.5625 4.375 6.875
4.6875 2.5 5 2.8125
3.59375 7.5 3.75 7.65625
6.875 4.375 7.5 5
7.42188 0.9375 7.5 1.01562
6.875 3.75 7.5 4.375
7.34375 0.9375 7.42188 1.01562
3.4375 7.57812 3.51562 7.65625
5 3.75 5.625 4.375
5.46875 8.35938 5.54688 8.4375
2.22656 8.86719 2.26562 8.90625
5 4.375 5.625 5
6.48438 9.29688 6.5625 9.375
2.22656 8.82812 2.26562 8.86719
4.375 4.375 5 5
6.48438 9.21875 6.5625 9.29688
2.1875 8.82812 2.22656 8.86719
4.375 3.75 5 4.375
3.90625 4.45312 3.98438 4.53125
2.5 3.75 3.125 4.375
2.5 1.40625 2.65625 1.5625
6.23047 9.31641 6.25 9.33594
2.5 4.375 3.125 5
7.8125 2.1875 8.125 2.5
6.23047 9.29688 6.25 9.31641
3.125 9.375 3.75 10
6.21094 9.29688 6.23047 9.31641
3.125 8.75 3.75 9.375
7.5 1.875 7.8125 2.1875
4.31641 6.19141 4.33594 6.21094
2.5 9.375 3.125 10
5.23438 7.42188 5.3125 7.5
4.31641 6.17188 4.33594 6.19141
2.8125 9.0625 3.125 9.375
5.23438 7.34375 5.3125 7.42188
2.38281 1.05469 2.42188 1.09375
2.5 9.0625 2.8125 9.375
2.38281 1.01562 2.42188 1.05469
1.875 9.375 2.5 10
2.34375 1.05469 2.38281 1.09375
1.25 8.75 1.875 9.375
7.5 1.40625 7.65625 1.5625
5.97656 9.10156 6.01562 9.14062
1.25 9.375 1.875 10
2.03125 8.28125 2.1875 8.4375
5.97656 9.0625 6.01562 9.10156
2.1875 9.0625 2.5 9.375
2.03125 8.125 2.1875 8.28125
5.9375 9.10156 5.97656 9.14062
1.875 8.75 2.1875 9.0625
7.51953 0.996094 7.53906 1.01562
1.875 9.0625 2.1875 9.375
4.33594 6.21094 4.375 6.25
7.5 0.976562 7.51953 0.996094
6.09375 9.0625 6.25 9.21875
4.29688 3.35938 4.375 3.4375
5.9375 9.21875 6.09375 9.375
6.21094 9.33594 6.25 9.375
4.21875 3.28125 4.29688 3.35938
4.375 5 5 5.625
4.21875 3.35938 4.29688 3.4375
3.75 5 4.375 5.625
6.17188 9.33594 6.21094 9.375
2.5 6.25 3.125 6.875
3.125 8.24219 3.16406 8.28125
3.125 6.875 3.4375 7.1875
2.5 1.01562 2.57812 1.09375
4.88281 6.67969 4.92188 6.71875
3.125 7.1875 3.4375 7.5
2.10938 8.67188 2.1875 8.75
2.07031 8.63281 2.10938 8.67188
1.25 1.875 1.875 2.5
2.1875 1.32812 2.22656 1.36719
5 7.5 5.15625 7.65625
2.1875 1.36719 2.22656 1.40625
2.5 8.75 2.65625 8.90625
5 7.65625 5.15625 7.8125
4.21875 6.21094 4.25781 6.25
3.90625 6.71875 4.0625 6.875
3.90625 6.5625 4.0625 6.71875
1.875 0 2.5 0.625
1.25 0 1.875 0.625
1.25 0.625 1.875 1.25
4.6875 6.71875 4.84375 6.875
7.1875 1.5625 7.5 1.875
6.875 1.25 7.1875 1.5625
2.1875 0.625 2.5 0.9375
1.875 0.625 2.1875 0.9375
1.875 0.9375 2.1875 1.25
2.34375 1.09375 2.5 1.25
2.1875 0.9375 2.34375 1.09375
2.1875 1.09375 2.34375 1.25
5.3125 8.125 5.46875 8.28125
5.3125 8.28125 5.46875 8.4375
6.32812 9.21875 6.40625 9.29688
6.25 9.21875 6.32812 9.29688
7.8125 1.25 8.125 1.5625
7.5 1.5625 7.8125 1.875
2.8125 1.25 3.125 1.5625
2.5 1.5625 2.8125 1.875
5.3125 1.25 5.625 1.5625
5 1.5625 5.3125 1.875
6.875 0 7.5 0.625
6.25 0 6.875 0.625
6.25 0.625 6.875 1.25
7.1875 0.625 7.5 0.9375
6.875 0.625 7.1875 0.9375
6.875 0.9375 7.1875 1.25
7.34375 1.09375 7.5 1.25
7.1875 0.9375 7.34375 1.09375
7.1875 1.09375 7.34375 1.25
4.21875 6.40625 4.375 6.5625
4.21875 6.25 4.375 6.40625
4.0625 6.40625 4.21875 6.5625
4.14062 6.32812 4.21875 6.40625
4.0625 6.25 4.14062 6.32812
2.42188 8.90625 2.5 8.98438
2.34375 8.90625 2.42188 8.98438
2.34375 8.98438 2.42188 9.0625
1.5625 7.8125 1.71875 7.96875
1.5625 7.96875 1.71875 8.125
5.15625 7.1875 5.3125 7.34375
5 7.34375 5.15625 7.5
3.4375 6.875 3.59375 7.03125
3.4375 7.03125 3.59375 7.1875
3.125 0.625 3.75 1.25
3.125 0 3.75 0.625
2.5 0 3.125 0.625
3.90625 4.84375 4.0625 5
3.90625 4.6875 4.0625 4.84375
3.75 4.6875 3.90625 4.84375
2.8125 0.9375 3.125 1.25
2.8125 0.625 3.125 0.9375
2.5 0.625 2.8125 0.9375
2.65625 1.09375 2.8125 1.25
2.65625 0.9375 2.8125 1.09375
2.5 1.09375 2.65625 1.25
4.6875 1.5625 5 1.875
4.375 1.25 4.6875 1.5625
4.6875 5.9375 5 6.25
4.6875 5.625 5 5.9375
4.375 5.625 4.6875 5.9375
4.53125 6.09375 4.6875 6.25
4.53125 5.9375 4.6875 6.09375
4.375 5.9375 4.53125 6.09375
4.45312 6.09375 4.53125 6.17188
4.375 6.09375 4.45312 6.17188
7.57812 0.9375 7.65625 1.01562
7.5 1.01562 7.57812 1.09375
6.32812 4.92188 6.40625 5
6.32812 4.84375 6.40625 4.92188
6.25 4.84375 6.32812 4.92188
4.84375 6.40625 5 6.5625
4.84375 6.25 5 6.40625
4.6875 6.25 4.84375 6.40625
5 1.875 5.3125 2.1875
5 2.1875 5.3125 2.5
2.57812 8.90625 2.65625 8.98438
2.5 8.90625 2.57812 8.98438
4.76562 6.48438 4.84375 6.5625
4.76562 6.40625 4.84375 6.48438
4.6875 6.48438 4.76562 6.5625
5.07812 1.01562 5.15625 1.09375
5.07812 0.9375 5.15625 1.01562
1.71875 7.65625 1.875 7.8125
1.71875 7.5 1.875 7.65625
3.75 3.75 4.0625 4.0625
3.75 4.0625 4.0625 4.375
5.9375 4.0625 6.25 4.375
5.9375 3.75 6.25 4.0625
3.28125 7.96875 3.4375 8.125
3.125 7.8125 3.28125 7.96875
6.25 3.75 6.5625 4.0625
6.25 4.0625 6.5625 4.375
2.34375 1.40625 2.5 1.5625
2.34375 1.25 2.5 1.40625
2.1875 1.40625 2.34375 1.5625
2.5 1.875 2.8125 2.1875
2.5 2.1875 2.8125 2.5
6.17188 4.84375 6.25 4.92188
6.09375 4.84375 6.17188 4.92188
6.09375 4.92188 6.17188 5
6.01562 9.14062 6.09375 9.21875
6.01562 9.0625 6.09375 9.14062
5.9375 3.125 6.25 3.4375
4.6875 2.1875 5 2.5
4.6875 1.875 5 2.1875
2.42188 1.01562 2.5 1.09375
2.34375 0.9375 2.42188 1.01562
4.0625 3.4375 4.375 3.75
3.75 3.4375 4.0625 3.75
3.4375 8.4375 3.75 8.75
3.4375 8.125 3.75 8.4375
3.125 8.4375 3.4375 8.75
3.28125 8.28125 3.4375 8.4375
3.28125 8.125 3.4375 8.28125
3.125 8.28125 3.28125 8.4375
4.92188 1.01562 5 1.09375
4.92188 0.9375 5 1.01562
4.84375 0.9375 4.92188 1.01562
6.25 3.125 6.5625 3.4375
3.4375 4.0625 3.75 4.375
3.4375 3.75 3.75 4.0625
2.73438 8.90625 2.8125 8.98438
3.59375 4.92188 3.67188 5
5.85938 8.90625 5.9375 8.98438
5.78125 8.98438 5.85938 9.0625
3.90625 6.25 4.0625 6.40625
3.75 6.25 3.90625 6.40625
3.75 6.40625 3.90625 6.5625
5.46875 7.96875 5.625 8.125
5.46875 7.8125 5.625 7.96875
5.9375 8.4375 6.25 8.75
5.625 8.125 5.9375 8.4375
3.82812 4.92188 3.90625 5
3.75 4.84375 3.82812 4.92188
3.125 3.125 3.4375 3.4375
2.1875 2.1875 2.5 2.5
2.1875 1.875 2.5 2.1875
1.875 2.1875 2.1875 2.5
2.26562 8.82812 2.34375 8.90625
2.26562 8.75 2.34375 8.82812
2.1875 8.75 2.26562 8.82812
3.98438 6.48438 4.0625 6.5625
3.75 4.53125 3.90625 4.6875
6.32812 9.33594 6.36719 9.375
7.1875 2.1875 7.5 2.5
7.1875 1.875 7.5 2.1875
7.34375 1.25 7.5 1.40625
4.6875 2.8125 5 3.125
4.375 2.8125 4.6875 3.125
7.42188 1.01562 7.5 1.09375
7.34375 1.01562 7.42188 1.09375
5.54688 8.28125 5.625 8.35938
5.46875 8.28125 5.54688 8.35938
6.40625 9.29688 6.48438 9.375
2.5 1.25 2.65625 1.40625
7.5 2.1875 7.8125 2.5
5.15625 7.42188 5.23438 7.5
7.5 1.25 7.65625 1.40625
1.875 8.125 2.03125 8.28125
4.29688 6.21094 4.33594 6.25
2.26562 1.32812 2.34375 1.40625
2.26562 1.25 2.34375 1.32812
2.57812 0.9375 2.65625 1.01562
2.5 0.9375 2.57812 1.01562
2.10938 8.59375 2.1875 8.67188
1.25 5 2.5 6.25
0 6.25 1.25 7.5
5.15625 7.65625 5.3125 7.8125
4.25781 6.21094 4.29688 6.25
1.875 6.875 2.5 7.5
1.5625 7.1875 1.875 7.5
1.5625 6.875 1.875 7.1875
1.25 6.875 1.5625 7.1875
4.64844 6.32812 4.6875 6.36719
5 1.40625 5.15625 1.5625
3.28125 7.5 3.4375 7.65625
19
1 3
0.625 3.125
0.625 4.375
1.875 4.375
1.875 5.625
3.125 5.625
3.4375 6.5625
3.71094 7.14844
3.71094 7.22656
3.71094 7.30469
3.67188 7.42188
3.67188 7.57812
4.375 8.125
5.54688 7.89062
5.9375 7.8125
6.875 8.125
6.875 6.875
8.125 6.875
8 7
